0   frequency   C1-N6 C2-C3 C3-C4 C4-N7 N6-C2 N7-C1          
0	20.35914	0	0	0	0	0	0	0
1	40.71828	0	0	0	0	0	0	0
2	61.07741	0	0	0	0	0	0	0
3	81.43655	0	0	0	0	0	0	0
4	101.79569	0	0	0	0	0	0	0
5	122.15483	0	0	0	0	0	0	0
6	142.51396	0	0	0	0	0	0	0
7	162.8731	0	0	0	0	0	0	0
8	183.23224	0	0	0	0	0	0	0
9	203.59138	0	0	0	0	0	0	0
10	223.95051	0	18.23299	0	7.14384	0	0	4.10333
11	244.30965	12.5607	42.23203	0	1.26974	28.02882	45.89599	19.25211
12	264.66879	19.5098	100.71336	6.09948	5.44699	0	0	84.84983
13	285.02793	0	0	0	30.21464	13.58812	8.62162	0
14	305.38706	0	18.83495	2.29694	0	16.51988	3.28353	26.18843
15	325.7462	15.27511	30.93291	2.4314	31.98087	32.99137	27.07797	40.56283
16	346.10534	8.86256	38.17573	15.40521	8.21312	0	20.10994	52.80107
17	366.46448	1.51308	7.55782	12.0457	27.11179	15.48438	13.1092	19.95184
18	386.82361	8.60121	14.67078	41.02793	24.8304	10.71268	20.49272	30.70748
19	407.18275	11.01755	12.01692	55.12079	36.6657	11.92407	45.86507	0
20	427.54189	12.55181	8.30436	69.97588	25.32215	12.91695	30.4713	28.13913
21	447.90103	27.21883	0.84775	81.56182	48.54924	33.45384	53.54699	49.50389
22	468.26016	42.60968	14.99475	104.48808	86.69166	45.95698	71.63478	40.37404
23	488.6193	48.21158	3.97502	90.17939	124.95169	78.3038	85.38416	19.28926
24	508.97844	27.57051	25.51747	0	13.32357	74.02842	63.76661	105.93247
25	529.33758	15.55152	21.66078	43.1782	40.80614	0	92.0147	0
26	549.69671	0	1.98144	41.4637	0	10.48101	0	23.91976
27	570.05585	19.58428	9.47944	49.74628	21.24754	28.78647	40.44291	49.04606
28	590.41499	34.80639	17.0367	50.13153	20.65639	54.57187	61.77019	89.31181
29	610.77413	40.16241	50.20138	49.88268	37.7213	35.90627	65.1415	90.15863
30	631.13326	13.92436	16.71654	52.73499	47.91611	8.33739	31.56153	17.71395
31	651.4924	4.90736	5.29187	46.64425	25.70695	8.6026	33.01277	5.01719
32	671.85154	7.40174	0	49.08593	31.44851	26.24414	34.8513	1.00916
33	692.21068	8.55785	8.55676	45.61682	33.44724	2.45797	55.7963	4.82544
34	712.56981	6.11425	11.4951	40.36239	32.33816	0	36.36852	16.59958
35	732.92895	12.70972	19.1279	40.04645	25.13893	19.98771	60.18086	11.36388
36	753.28809	2.15288	7.73644	39.93511	31.00232	8.41401	12.61063	11.91529
37	773.64723	28.68394	2.21139	43.14358	39.77561	22.85387	30.84134	131.08357
38	794.00636	15.35824	14.70322	46.55607	38.70249	26.23755	11.12718	51.73776
39	814.3655	0	8.14759	18.29373	30.28374	8.43121	12.70649	18.16124
40	834.72464	4.50509	11.34287	34.02967	31.5357	13.05696	27.08029	7.71088
41	855.08378	11.90338	21.37751	35.79875	35.25322	18.74532	33.21724	26.45582
42	875.44292	10.01366	20.77188	34.62324	33.27487	18.47096	29.09534	24.97509
43	895.80205	9.57008	15.16016	28.87942	40.56237	12.86323	30.58727	32.19932
44	916.16119	9.89362	21.84385	34.9284	25.59609	19.91569	32.84258	28.76815
45	936.52033	13.29798	29.90632	35.23821	33.10914	20.51887	39.25783	27.99241
46	956.87947	24.5807	54.9507	40.05884	37.29117	41.33431	23.4742	58.31168
47	977.2386	2.82457	4.99687	31.94786	36.97891	7.55697	34.30472	10.80066
48	997.59774	31.89603	123.85077	38.84447	31.25755	18.32223	63.45869	26.9828
49	1017.9569	4.70432	0	45.02703	40.17237	8.45046	9.72891	37.88931
50	1038.316	17.60035	46.91177	41.4237	46.90491	17.09044	27.53699	39.36151
51	1058.6752	13.57322	16.16307	36.41119	45.40717	13.1992	38.86901	45.60194
52	1079.0343	24.50503	32.2737	40.34339	56.24745	21.22278	48.74628	62.99389
53	1099.3934	31.5304	41.02945	52.74722	77.19272	11.5895	58.02901	63.9769
54	1119.7526	49.94398	22.95912	60.42803	176.64367	19.01779	13.35834	123.22436
55	1140.1117	5.92104	23.25132	24.67207	80.17896	23.97639	0	0
56	1160.4708	16.27788	40.0299	44.12416	62.06272	23.36818	32.53127	10.04107
57	1180.83	10.39696	32.52836	49.42067	4.48279	32.36193	35.55115	20.46442
58	1201.1891	25.99852	35.44411	66.80493	30.57867	46.9942	40.23288	46.30138
59	1221.5483	30.67973	49.31503	25.34997	99.83229	6.11709	43.13659	68.62997
60	1241.9074	21.45992	38.62549	59.26052	70.59333	17.67555	39.91468	8.93004
61	1262.2665	50.21196	77.00082	98.50622	65.1916	39.49728	75.87089	49.38252
62	1282.6257	0	0	39.01034	19.20753	12.96669	30.93055	0
63	1302.9848	18.71419	27.10709	88.26908	0	28.27492	41.89131	29.92766
64	1323.3439	32.0315	31.6834	125.47039	12.30622	33.88271	50.1513	42.09727
65	1343.7031	70.19472	38.23148	266.71708	14.2427	67.90237	100.30823	37.38619
66	1364.0622	47.53019	38.03199	235.52435	1.54551	26.23217	38.54978	49.13441
67	1384.4214	57.00655	30.58496	262.87946	13.09235	74.48849	65.04857	0
68	1404.7805	12.83461	46.3188	71.44193	13.08208	5.2309	21.00279	22.3043
69	1425.1396	7.1762	47.45061	35.47686	18.5402	0	16.51095	25.77036
70	1445.4988	9.8094	49.54453	21.66654	18.56809	5.85664	23.77937	37.70494
71	1465.8579	10.27158	57.71016	10.44372	23.53191	11.62516	19.2398	34.91436
72	1486.217	13.79857	59.87851	24.87374	13.33805	16.08355	27.82801	34.19711
73	1506.5762	80.15961	199.7315	153.62757	78.22508	19.86857	74.40568	46.07873
74	1526.9353	22.92045	65.15886	14.02667	20.33588	25.58156	49.4935	51.47759
75	1547.2945	5.20649	23.03216	22.02725	8.17655	14.54175	15.15668	34.42782
76	1567.6536	14.92722	40.53743	27.73128	8.26901	13.5789	21.46508	61.67684
77	1588.0127	27.7518	79.78299	26.22653	16.47269	18.88566	36.52318	69.88685
78	1608.3719	1.72756	35.66099	0	17.65715	19.8245	13.11872	2.94299
79	1628.731	1.9564	27.70685	16.62718	10.81466	20.29317	12.23743	0.04409
80	1649.0901	19.57568	89.52485	31.64168	28.62091	19.35747	17.40453	4.03557
81	1669.4493	29.92035	135.7686	6.35986	41.56685	28.0605	18.99751	19.04566
82	1689.8084	10.25483	14.637	15.5469	12.42529	40.24051	40.55301	5.54905
83	1710.1676	0	0	19.25765	13.54453	0	21.15664	10.60999
84	1730.5267	8.19916	4.55794	22.58943	14.35224	18.8627	39.4574	11.94125
85	1750.8858	10.62003	13.87554	26.50445	12.6345	21.24206	36.74427	13.28269
86	1771.245	16.31461	20.99831	34.99617	14.66746	21.77172	45.29026	18.72427
87	1791.6041	25.88785	22.53967	29.35496	17.61582	65.51005	62.91955	13.94484
88	1811.9632	0	0.17854	0	17.17115	0	28.74374	8.4616
89	1832.3224	0.15125	6.24082	14.67168	10.35487	10.86046	0	13.33759
90	1852.6815	3.13398	11.64083	22.01432	8.33446	5.7164	11.8601	13.28971
91	1873.0407	4.28833	15.93558	13.2183	11.69831	13.66694	10.28683	14.47003
92	1893.3998	5.80992	14.29854	18.19825	11.31785	16.97283	8.92554	18.18652
93	1913.7589	5.32493	15.73023	19.28914	9.55474	13.39839	11.82728	14.6839
94	1934.1181	6.54527	14.55598	21.07236	11.37272	14.16237	14.16793	15.96846
95	1954.4772	7.17441	17.34327	18.45162	11.16994	15.58733	15.6165	16.39999
96	1974.8363	7.506	18.52413	19.40441	11.693	16.42903	15.72956	14.2721
97	1995.1955	9.94618	19.38871	25.99124	12.26186	21.02053	15.14924	16.37575
98	2015.5546	5.10179	12.13415	16.20112	10.93148	13.88563	14.7782	12.68448
99	2035.9138	6.64881	15.26246	19.86617	11.58976	13.42583	14.99176	14.2552
100	2056.2729	7.00574	16.7186	13.41549	13.15832	17.84262	15.16827	14.72351
101	2076.632	6.92106	18.93488	14.44076	12.24811	11.93128	16.3395	16.11825
102	2096.9912	5.6361	16.05806	16.89984	11.38584	11.91191	13.47163	12.0698
103	2117.3503	5.87041	15.01934	15.87971	11.26032	13.88918	15.28146	11.36693
104	2137.7094	5.64843	15.65591	16.85858	11.70852	11.75869	12.88955	11.98788
105	2158.0686	5.91005	17.61433	17.1852	11.74387	9.92176	14.30217	11.15557
106	2178.4277	6.03477	14.52536	16.72047	13.32378	11.31278	14.0604	12.2225
107	2198.7869	5.91678	14.24759	17.31491	12.42946	11.58522	13.84818	11.52599
108	2219.146	6.3096	16.4168	16.32491	13.55221	11.70673	13.72383	11.07786
109	2239.5051	6.0527	14.92644	16.07742	13.04708	11.79921	13.82976	11.07507
110	2259.8643	6.55934	16.15258	17.93171	12.55204	11.84948	13.44167	11.36137
111	2280.2234	6.06695	13.58893	16.77982	12.52688	12.42897	13.51393	10.99005
112	2300.5825	6.67392	15.36465	14.07446	13.84695	15.92823	12.9098	10.8403
113	2320.9417	5.25814	14.4617	14.92895	12.14044	8.16607	13.7125	10.55412
114	2341.3008	6.04804	14.05694	14.64229	14.42229	11.38722	13.05748	10.63105
115	2361.66	6.2758	16.41868	14.13799	14.83852	10.22905	12.64833	10.78531
116	2382.0191	5.12271	14.301	13.39972	12.65561	10.518	10.90969	9.8493
117	2402.3782	4.83898	9.44205	14.5086	13.0044	10.64645	11.94724	9.87625
118	2422.7374	5.55373	11.10482	13.75539	16.02994	10.36651	12.0128	9.93805
119	2443.0965	6.98483	10.77654	14.19292	24.16317	10.12477	12.61646	9.41427
120	2463.4556	6.30385	11.45764	13.56556	18.83359	9.74284	12.99785	10.09887
121	2483.8148	4.82571	10.89101	13.81816	12.87279	9.65714	11.56056	8.52186
122	2504.1739	2.46207	11.38415	13.40203	0	9.78303	9.60633	8.45817
123	2524.5331	4.31472	13.46685	13.81389	4.99134	11.24297	11.27531	8.22293
124	2544.8922	4.55567	10.07127	11.67713	9.30649	11.42453	12.34136	8.90196
125	2565.2513	4.22363	10.16646	12.98981	11.28732	10.33743	7.13384	9.07938
126	2585.6105	4.1895	10.27362	14.34179	8.74375	8.97152	9.64614	8.07631
127	2605.9696	3.6684	10.02246	12.44984	7.3653	9.10549	9.20147	8.04567
128	2626.3287	3.22467	11.09632	12.52132	5.63859	7.73069	7.8435	7.96115
129	2646.6879	2.8218	9.1283	10.32285	6.72046	7.78866	8.93937	6.7384
130	2667.047	3.1908	8.6345	11.57878	7.68489	7.53272	8.68908	6.99576
131	2687.4062	3.40794	9.01984	12.18385	7.23447	8.23195	8.26881	6.74337
132	2707.7653	3.82069	9.7139	14.41435	7.88674	7.98216	7.91251	5.51281
133	2728.1244	7.08681	11.04547	26.15127	11.45168	8.48305	8.71279	6.43863
134	2748.4836	1.70444	8.38603	4.60198	7.15765	6.39741	7.40324	5.30609
135	2768.8427	2.48324	7.5472	7.47179	6.74884	8.01473	7.50475	5.90162
136	2789.2018	1.82217	8.91643	5.43446	5.67845	5.93903	7.01497	5.50286
137	2809.561	2.26319	7.41883	7.46536	5.18189	7.34232	7.59908	5.38852
138	2829.9201	2.64136	9.40917	6.875	6.54517	7.6046	6.22155	5.27325
139	2850.2793	2.22529	7.18971	7.62736	6.22581	5.54265	6.89024	5.22024
140	2870.6384	2.44396	8.81695	8.29357	5.00172	5.94391	6.46328	4.75233
141	2890.9975	1.31908	4.248	6.30433	4.49589	5.82769	6.25718	4.65305
142	2911.3567	1.29824	5.70235	4.65608	5.15903	5.80825	5.20953	4.38959
143	2931.7158	1.76617	5.77461	6.01009	5.32662	5.99764	5.50461	4.38254
144	2952.0749	2.16997	5.74744	6.84471	4.90667	7.67961	5.43975	4.06442
145	2972.4341	1.83909	6.17896	6.29731	4.15702	5.68366	5.55516	4.08895
146	2992.7932	1.98306	6.61531	6.71513	3.57938	6.41059	4.87017	3.898
147	3013.1524	2.94116	5.64374	9.95859	4.83935	7.83672	4.9064	3.91612
148	3033.5115	1.79547	6.55438	2.61724	3.53839	7.94398	5.17804	3.65845
149	3053.8706	1.05874	3.99409	6.69735	4.09666	2.14773	3.93698	3.46095
150	3074.2298	2.88801	4.21669	2.73965	4.69143	15.87324	3.98077	3.07132
151	3094.5889	1.37197	4.33387	3.87018	2.32369	5.54923	5.47855	3.18502
152	3114.948	0.18369	3.87575	4.09772	3.01126	0	3.06141	2.82844
153	3135.3072	1.21451	3.57145	5.44099	3.1678	3.67351	3.83307	2.55599
154	3155.6663	1.45209	5.08786	6.14318	2.80027	3.79013	2.49992	2.53017
155	3176.0255	0.9262	3.46741	3.42436	2.6384	3.84819	3.16845	2.33272
156	3196.3846	0.53895	1.99177	2.68204	2.37306	3.90253	2.45663	2.3333
157	3216.7437	0.54853	2.65124	2.99566	2.49781	2.19905	2.61031	2.02607
158	3237.1029	0.2912	2.67209	0.62063	2.3483	2.72956	2.34991	1.89893
159	3257.462	0.65582	2.61654	1.79088	2.39237	2.85511	2.34956	1.98596
160	3277.8211	0.75367	2.54776	1.94568	2.24323	3.37669	2.00952	1.6379
161	3298.1803	0.38425	1.81049	2.01886	1.66345	1.91846	1.85494	1.46137
162	3318.5394	0.30273	2.35349	0.48238	2.1796	1.46798	1.64046	1.29784
163	3338.8986	0.20351	1.52585	1.17443	1.17154	1.37377	1.54999	1.21409
164	3359.2577	0.25094	1.5983	1.10741	0.96145	1.29343	1.32673	1.19024
165	3379.6168	0.23588	0.89831	1.06128	1.13798	1.4424	1.21037	0.8202
166	3399.976	0.21237	0.9704	1.13254	0.68643	0.96374	1.12441	0.73527
167	3420.3351	0.17831	1.14121	0.4429	0.92784	0.6855	0.81106	0.58317
168	3440.6942	0.32728	1.4137	0.37947	0.71364	0.94198	0.69145	0.5286
169	3461.0534	0.03693	0	0.31124	0.04482	0.78582	0.48253	0.48563
170	3481.4125	0	0.26183	0	0.05015	0.50521	0.10028	0
171	3501.7717	0	0	0	0	0	0	0
